1083
1007
1044
1023
1058
1039
1034
1061
1045
1013
1112
1095
1064
1008
1069
1098
1017
1064
1053
1028
1004
1016
1032
1051
1078
1092
1043
1002
1069
1031
1094
1062
1067
1036
1036
1073
1025
1057
1097
1084
1042
1052
1081
1011
1052
1084
1010
1025
1073
1047
1097
1026
1015
1076
1020
1026
1061
1045
1056
1071
1074
1087
1089
1053
1020
1073
1040
1054
1092
1022
1041
1016
1084
1068
1008
1025
1002
1043
1009
1105
1065
1045
1072
1031
1016
1057
1083
1052
1009
1077
1050
1030
1026
1080
1059
1013
1007
1050
1063
1062
1008
1069
1043
1091
1114
1075
1016
1047
1016
1033
1023
1099
1046
1087
1045
1048
1082
1031
1018
1049
1022
1034
1077
1022
1065
1011
1007
1084
1051
1076
1005
1088
1003
1016
1024
1024
1025
1010
1032
1092
1095
1067
1027
1034
1079
1043
1025
1006
1055
1055
1027
1103
1012
1110
1058
1027
1066
1071
1112
1070
1036
1076
1058
1020
1071
1005
1028
1089
1042
1042
1023
1077
1007
1098
1079
1090
1002
1091
1052
1074
1072
1032
1092
1067
1036
1007
1054
1008
1043
1108
1093
1026
1045
1107
1032
1017
1086
1071
1004
1024
1073
1077
1075
1007
1082
1017
1051
1018
1017
1101
1009
1032
1097
1015
1001
1051
1024
1068
1081
1065
1099
1060
1029
1027
1088
1020
1084
1059
1032
1033
1026
1019
1065
1052
1004
1038
1070
1072
1011
1008
1077
1114
1033
1100
1031
1043
1035
1105
1009
1014
1038
1022
1014
1087
1001
1088
1098
1069
1092
1090
1062
1042
1071
1046
1033
1066
1076
1023
1051
1028
1052
1085
1008
1013
1019
1042
1049
1071
1101
1083
1061
1005
1107
1058
1047
1031
1024
1035
1007
1033
1081
1015
1097
1069
1025
1023
1063
1080
1052
1098
1038
1059
1011
1060
1055
1035
1005
1101
1012
1072
1038
1016
1054
1045
1073
1062
1038
1092
1077
1064
1073
1011
1055
1063
1024
1092
1090
1048
1023
1003
1092
1055
1016
1086
1046
1063
1008
1016
1008
1079
1058
1049
1014
1064
1082
1085
1049
1066
1017
1052
1034
1084
1015
1058
1037
1034
1042
1027
1027
1013
1058
1031
1095
1092
1088
1057
1027
1029
1003
1104
1073
1079
1036
1072
1073
1019
1028
1046
1016
1088
1058
1076
1077
1053
1083
1075
1081
1061
1003
1058
1028
1060
1054
1091
1027
1013
1037
1032
1063
1049
1057
1012
1041
1084
1082
1050
1001
1068
1065
1096
1024
1022
1064
1031
1094
1016
1061
1033
1023
1060
1068
1076
1005
1053
1065
1031
1018
1033
1007
1083
1035
1012
1052
1095
1022
1028
1010
1007
1007
1017
1080
1007
1063
1066
1039
1031
1047
1005
1055
1006
1073
1021
1073
1040
1110
1051
1066
1060
1018
1033
1039
1017
1021
1073
1088
1041
1056
1063
1072
1008
1069
1042
1034
1032
1008
1020
1060
1088
1042
1104
1094
1091
1081
1005
1062
1057
1031
1077
1028
1022
1056
1046
1021
1066
1027
1010
1038
1035
1000
1099
1026
1098
1071
1000
1040
1034
1069
1050
1042
1054
1072
1110
1089
1066
1078
1100
1002
1063
1044
1038
1101
1054
1095
1063
1085
1069
1101
1069
1082
1024
1001
1001
1007
1027
1075
1090
1022
1055
1059
1052
1026
1035
1020
1086
1060
1019
1064
1052
1053
1038
1098
1043
1039
1063
1083
1003
1041
1092
1072
1003
1096
1067
1099
1098
1017
1008
1016
1086
1052
1053
1057
1000
1099
1046
1087
1092
1067
1017
1082
1099
1014
1096
1045
1005
1075
1000
1078
1065
1004
1076
1053
1028
1030
1030
1074
1113
1034
1042
1051
1016
1049
1085
1021
1088
1069
1058
1062
1056
1037
1102
1052
1007
1002
1041
1018
1083
1013
1083
1108
1054
1043
1087
1043
1075
1012
1071
1059
1060
1028
1065
1054
1067
1050
1043
1058
1094
1092
1000
1060
1109
1006
1022
1025
1039
1074
1060
1088
1000
1005
1035
1036
1007
1082
1073
1006
1096
1024
1054
1000
1035
1034
1040
1025
1027
1027
1096
1047
1032
1080
1041
1008
1052
1056
1022
1086
1070
1003
1025
1002
1006
1054
1096
1014
1073
1054
1027
1029
1079
1063
1084
1072
1036
1106
1019
1060
1062
1046
1059
1075
1012
1003
1037
1065
1052
1061
1030
1024
1084
1002
1056
1097
1027
1015
1000
1052
1038
1059
1058
1024
1023
1094
1070
1047
1038
1037
1050
1045
1018
1073
1011
1047
1088
1024
1012
1091
1072
1016
1059
1012
1089
1039
1066
1036
1110
1057
1060
1002
1032
1026
1070
1038
1043
1026
1028
1046
1032
1084
1036
1095
1036
1047
1062
1077
1053
1064
1035
1060
1015
1028
1058
1060
1029
1086
1091
1099
1080
1016
1023
1000
1036
1038
1045
1083
1009
1062
1019
1054
1077
1045
1093
1063
1031
1076
1091
1062
1075
1007
1065
1026
1083
1097
1022
1021
1061
1008
1073
1006
1095
1026
1027
1083
1020
1010
1015
1050
1006
1045
1040
1075
1077
1045
1052
1010
1107
1098
1091
1061
1076
1008
1030
1037
1006
1087
1001
1061
1071
1062
1019
1000
1079
1024
1025
1008
1045
1095
1011
1081
1022
1023
1013
1035
1033
1015
1066
1091
1053
1089
1005
1071
1040
1077
1106
1087
1062
1002
1098
1025
1057
1038
1059
1074
1074
1003
1077
1022
1025
1066
1023
1059
1023
1085
1027
1026
1051
1000
1062
1083
1053
1047
1068
1081
1082
1030
1019
1080
1113
1059
1054
1081
1011
1046
1075
1029
1105
1068
1054
1044
1087
1040
1055
1054
1077
1098
1104
1075
1023
1028
1047
1086
1042
1039
1065
1068
1021
1068
1065
1103
1027
1080
1027
1005
1089
1057
1085
1046
1086
1044
1089
1032
1052
1074
1018
1028
1088
1039
1013
1017
1060
1094
1101
1104
1101
1089
1055
1073
1004
1104
1071
1048
1089
1080
1025
1079
1023
1000
1003
1066
1111
1042
1017
1071
1049
1022
1032
1008
1001
1072
1027
1020
1045
1037
1004
1013
1000
1065
1063
1075
1003
1013
1009
1066
1092
1082
1005
1007
1021
1067
1084
1004
1071
