57
53
58
53
49
54
56
57
59
50
57
54
50
55
57
54
52
58
53
62
51
49
49
53
54
48
48
49
54
55
58
57
53
56
51
60
56
49
54
51
51
58
56
51
58
57
48
48
60
53
45
62
56
41
56
49
56
64
60
51
65
50
54
56
54
48
48
53
64
53
50
58
50
52
57
53
55
50
53
53
54
55
53
55
50
52
58
55
55
55
56
57
56
47
51
47
57
55
53
46
51
49
60
50
51
57
54
57
54
53
52
57
51
49
49
52
55
50
48
54
54
53
59
57
58
46
52
52
47
56
59
51
53
54
52
50
59
57
48
50
47
56
55
51
56
52
51
51
49
57
50
50
53
49
56
46
58
60
52
56
55
51
56
58
55
54
54
54
53
60
49
55
55
56
48
47
50
56
52
58
54
49
55
46
55
50
50
57
51
57
56
51
50
48
54
50
51
54
51
52
57
50
52
50
50
49
55
53
59
53
54
59
52
54
53
48
51
50
52
57
54
52
56
53
52
51
60
53
55
56
56
53
60
57
48
51
47
54
55
60
56
51
55
60
51
50
51
54
56
49
54
49
50
57
54
52
57
50
50
56
54
50
55
54
55
54
52
53
53
55
52
55
47
48
51
58
62
60
60
51
51
49
56
53
50
52
56
49
54
56
52
53
56
53
60
53
55
52
58
57
49
60
52
59
52
51
52
51
57
53
48
56
54
54
54
51
51
56
48
53
51
56
53
55
53
51
51
48
60
50
52
52
53
47
51
48
56
54
52
60
51
53
58
48
51
53
52
56
56
55
54
52
50
50
48
46
50
53
54
51
58
56
50
52
47
47
52
51
54
48
59
49
52
54
56
57
55
49
51
59
52
53
56
59
58
51
49
57
49
56
62
51
47
53
59
57
54
47
51
51
52
50
64
52
61
68
57
50
55
52
54
59
53
52
53
55
52
53
51
53
49
59
49
46
56
52
49
54
51
55
52
47
56
52
51
52
49
50
59
49
54
56
55
53
60
52
59
52
46
51
49
48
56
54
50
48
50
48
53
53
51
52
53
60
58
53
59
56
57
64
50
49
57
58
53
56
51
59
47
59
52
49
53
53
57
45
54
48
53
60
59
51
49
53
54
50
56
52
51
59
54
50
48
56
52
47
55
56
46
51
54
51
47
56
52
52
57
57
52
56
54
52
53
44
50
47
48
52
58
52
60
45
51
41
53
54
55
57
57
57
58
62
54
53
56
56
52
52
55
52
61
59
52
52
45
53
52
52
56
50
54
56
60
53
46
50
52
49
57
46
53
49
50
49
55
57
59
55
58
52
53
56
51
54
50
51
58
53
56
55
51
52
50
49
52
50
51
53
52
57
51
53
56
52
53
60
56
50
53
57
58
55
50
50
52
55
51
55
58
57
54
50
47
49
51
55
54
48
49
56
50
52
58
54
54
56
53
51
45
55
47
53
55
52
54
59
50
54
48
49
51
53
58
53
50
59
55
54
48
55
54
49
51
52
54
52
50
50
51
56
48
54
53
62
56
57
41
51
47
50
59
56
47
54
57
60
53
54
55
54
51
56
50
54
58
54
59
47
52
55
54
50
51
48
51
52
57
53
50
54
58
50
50
51
54
50
53
53
45
52
55
50
59
53
51
55
50
57
54
51
54
52
52
55
49
60
47
55
46
54
49
55
55
52
50
56
55
48
54
52
57
58
50
60
54
49
54
50
52
53
56
56
53
50
54
48
51
51
49
50
55
53
55
57
52
52
51
57
55
52
55
56
56
51
51
59
57
63
46
57
60
45
54
55
55
51
56
54
49
53
54
59
53
53
51
58
58
49
55
61
59
57
54
50
50
52
49
51
55
55
59
54
51
49
52
52
52
56
50
54
55
53
52
55
53
54
50
58
51
58
49
49
55
48
54
47
53
54
54
57
54
52
51
48
50
57
55
57
49
55
54
56
57
49
55
50
53
57
54
55
48
48
57
51
47
52
58
60
60
56
58
54
51
50
55
50
55
54
53
49
48
44
53
51
48
56
60
49
57
51
51
50
53
45
51
55
49
55
56
59
55
56
51
48
60
47
50
55
53
49
55
50
49
50
46
52
53
51
49
55
53
49
54
59
55
57
50
57
55
48
54
54
49
52
57
53
55
56
49
47
51
50
50
54
54
51
47
59
54
48
48
53
52
51
51
51
55
46
51
52
57
54
54
58
57
52
54
40
54
50
63
54
52
49
59
55
52
51
54
54
61
48
51
54
49
55
51
53
53
48
