1076
1053
1051
1040
1007
1065
1024
1067
1005
1016
1079
1048
1014
1083
1056
1069
1051
1088
1003
1081
1056
1023
1048
1044
1030
1028
1008
1108
1019
1050
1011
1090
1036
1061
1028
1012
1016
1048
1100
1035
1001
1032
1041
1046
1010
1036
1035
1084
1071
1009
1024
1033
1055
1012
1081
1088
1081
1025
1014
1023
1056
1062
1074
1037
1021
1099
1051
1010
1063
1029
1024
1102
1006
1018
1051
1068
1103
1075
1005
1075
1097
1046
1018
1071
1030
1045
1041
1037
1065
1093
1025
1046
1036
1081
1032
1062
1013
1021
1053
1038
